% (1)解： 设A设备加工I，II，III产品分别x1,x2,x3个
%        设B设备加工I，II，III产品分别x4,x5,x6个
%        设A设备加工I，II，III产品分别x7,x8,x9个
%        f = 3(x1 + x4 + x7) + x(x2 + x5 + x8) + 2.9(x3 + x6 + x9)
%    不等式约束：
%	 8x1 + 2x2 + 10x3 <= 300
%    10x4 + 5x5 + 8x6 <= 400
%    2x7 + 13x8 + 10x9 <= 420
% x1 = [0,150,0,0,80,0,270,0,0]
% val1 = 1090
f = [3,2,2.9,3,2,2.9,3,2,2.9];
A = [8,2,10,0,0,0,0,0,0;
     0,0,0,10,5,8,0,0,0;
     0,0,0,0,0,0,2,13,10];
b = [300,400,420];
Aeq = [];
beq = [];
vlb = [0,0,0,0,0,0,0,0,0];
vub = [];
[x1,val1] = linprog(-f,A,b,Aeq,beq,vlb,vub);
val1 = -val1;

% (2)解： 设A设备加工I，II，III产品分别x1,x2,x3个 
%        设B设备加工I，II，III产品分别x4,x5,x6个
%        设A设备加工I，II，III产品分别x7,x8,x9个
%        f = 3(x1 + x4 + x7) + x(x2 + x5 + x8) + 2.9(x3 + x6 + x9
%    不等式约束条件变为：
%	 8x1 + 2x2 + 10x3 <= 300
%    10x4 + 5x5 + 8x6 <= 400 + 60 * 400
%    2x7 + 13x8 + 10x9 <= 420
% x2 = [0,150,0,0,80,0,270,0,0]
% val2 = 10690
f = [3,2,2.9,3,2,2.9,3,2,2.9];
A = [8,2,10,0,0,0,0,0,0;
     0,0,0,10,5,8,0,0,0;
     0,0,0,0,0,0,2,13,10];
b = [300,400 + 60 * 400,420];
Aeq = [];
beq = [];
vlb = [0,0,0,0,0,0,0,0,0];
vub = [];
[x2,val2] = linprog(-f,A,b,Aeq,beq,vlb,vub);
val2 = -val2;